1.267520
0.947927
2.445865
2.193649
2.351597
1.708826
3.160524
0.000000
0.163788
1.964908
0.698699
0.000000
1.187040
0.747102
2.393167
2.232378
5.065380
3.196030
1.389088
0.000000
0.000000
0.424441
0.000000
0.295983
0.685878
0.941321
2.522709
3.840096
3.021047
1.353077
3.555301
0.000000
0.000000
0.560443
0.000000
1.390512
1.570484
0.979465
1.261433
4.275222
1.063907
2.995603
1.791384
2.775265
1.973892
0.115954
0.000000
0.000000
0.000000
1.025180
3.059611
3.600211
2.292394
1.018853
0.000000
0.976762
1.007620
0.434654
0.000000
1.393409
2.026224
1.171281
2.173055
3.269882
4.308759
4.581577
0.858871
2.287429
0.243295
0.000000
0.000000
1.709238
