0.000001
0.253517
0.000000
0.525497
1.169305
1.295518
0.207098
0.000000
0.370687
0.446493
0.000000
0.140522
0.141192
0.000000
0.159372
1.224081
1.934916
4.753800
5.506237
5.071301
2.363425
0.000000
0.000000
0.000000
0.000000
0.137865
0.335020
0.000000
1.196809
5.239297
5.169619
4.147581
1.246849
0.000000
0.000000
0.000000
0.000000
0.314784
0.513085
0.050122
0.998475
1.675214
2.810615
3.015972
1.718939
0.000000
0.000000
0.000000
0.000032
0.000813
0.000000
0.670727
1.482257
3.844571
3.155347
0.202562
0.000000
0.000000
0.000000
0.000000
0.278683
0.683938
0.000000
0.452438
1.970733
4.240364
3.750466
2.373099
0.000000
0.000000
0.000000
0.000000
