9.750994
12.296410
14.794628
11.799544
10.584299
9.694314
7.304208
4.046498
2.997596
2.919979
4.209420
3.684372
8.589455
12.856122
13.270557
13.281090
12.234515
9.607231
6.161427
2.293869
1.125880
0.522111
4.641373
5.062405
9.257860
11.544420
12.638755
13.227699
12.726425
8.502069
6.625327
3.531661
0.890391
2.757822
2.923603
6.462756
6.976830
12.185928
12.904248
11.274577
11.517882
8.077856
6.486053
4.435946
0.000000
0.432665
2.574780
6.882159
7.698747
12.540210
13.378344
13.662586
13.058072
7.532487
7.046074
1.023706
0.000000
0.000000
3.207781
6.279616
9.022837
10.600122
12.441892
12.084749
9.854586
9.465699
4.009064
4.142036
1.627977
0.000000
4.553980
3.690727
