0      2020      0.000000     0.000000     0.000000     0      0.000000
1      2020      35.867294     12.440720     7.148203     1      6.864846
2      2020      61.515800     11.223239     6.921237     2      10.621639
3      2020      70.445229     13.333856     5.984160     3      14.450870
4      2020      72.699234     13.241714     4.429431     4      14.810192
5      2020      82.761185     7.890173     1.910450     5      10.046155
6      2020      74.338463     5.683146     0.000000     4      6.499637
7      2020      69.012436     2.099018     0.000000     3      2.228590
8      2020      66.052406     0.315804     0.000000     2      0.320918
9      2020      60.530617     0.604122     0.000000     1      0.562583
10      2020      41.033642     4.614481     5.718808     0      2.913061
11      2020      47.862240     4.052062     9.415291     1      2.983704
0      2021      47.127182     7.572194     13.819143     2      5.490095
1      2021      55.108376     13.035791     13.205459     3      11.052020
2      2021      52.109818     14.709704     12.974178     4      11.792616
3      2021      73.754051     14.234959     10.153524     5      16.152092
4      2021      82.390694     12.694701     6.768734     6      16.091158
5      2021      80.227150     10.445941     2.377851     7      12.893048
6      2021      70.504951     3.761500     0.000000     6      4.080067
7      2021      82.020294     2.793899     0.000000     5      3.525484
8      2021      67.160522     0.000000     0.000000     4      0.000000
9      2021      62.891026     1.482207     0.000000     3      1.434115
10      2021      48.441540     3.232362     0.000000     2      2.408932
11      2021      43.281517     7.380391     5.786139     1      4.914377
0      2022      43.109158     7.624179     12.999865     2      5.056491
1      2022      50.821476     12.234515     14.159998     3      9.565786
2      2022      64.141739     14.394991     12.138412     4      14.204919
3      2022      70.447968     13.039192     9.559677     5      14.132071
4      2022      73.735641     11.956982     5.972983     6      13.563934
5      2022      78.234932     10.340310     1.329381     5      12.445745
6      2022      77.001068     4.350579     0.000000     4      5.153835
7      2022      83.717545     2.678794     0.000000     3      3.450185
8      2022      60.221199     0.000000     0.000000     2      0.000000
9      2022      51.411949     1.587338     0.000000     1      1.255510
10      2022      44.394634     4.641373     4.693059     0      3.170031
11      2022      37.378746     5.451052     11.841845     1      3.134669
0      2023      38.758080     8.604177     19.846569     2      5.130483
1      2023      36.065063     11.947586     25.781675     3      6.629084
2      2023      58.538799     13.355902     23.703238     4      12.028284
3      2023      66.685287     12.668402     20.912838     5      12.996862
4      2023      76.206528     11.085840     17.212542     6      12.997128
5      2023      83.194473     7.688356     12.512255     7      9.840442
6      2023      81.479240     7.166811     6.496299     8      8.983789
7      2023      72.981041     4.241144     0.000000     7      4.761894
8      2023      65.794334     2.650755     0.000000     6      2.683148
9      2023      54.569393     0.000000     0.000000     5      0.000000
10      2023      42.082813     3.935600     0.965984     4      2.548017
11      2023      50.444386     5.080507     0.000000     3      3.942816
0      2024      44.552990     7.334573     4.207621     2      5.027341
1      2024      50.164165     10.928586     5.885963     3      8.434206
2      2024      52.723389     12.823711     5.375873     4      10.401685
3      2024      72.943268     13.004155     2.416201     5      14.593316
4      2024      68.896629     11.408884     0.000000     4      12.092825
5      2024      73.974937     9.685596     0.000000     3      11.022944
6      2024      84.396873     6.322556     0.000000     2      8.209292
7      2024      79.228516     1.181275     0.000000     1      1.439856
8      2024      70.360580     1.776464     0.000000     0      1.922969
9      2024      59.540062     1.052111     0.281080     0      0.963734
10      2024      43.674030     2.866053     5.104532     1      1.925724
11      2024      39.590294     6.537599     12.266940     2      3.981930
0      2025      33.076595     10.408552     16.228592     3      5.296607
1      2025      37.337147     11.517882     21.951227     4      6.616075
2      2025      49.386280     12.930021     22.035269     5      9.824087
3      2025      62.801090     13.637474     18.061222     6      13.176126
4      2025      69.263885     12.281608     13.380466     7      13.087259
5      2025      80.629059     9.365551     7.689194     8      11.617470
6      2025      87.711456     7.083660     0.850941     7      9.558742
7      2025      81.230835     1.168004     0.000000     6      1.459661
8      2025      75.045845     0.000000     0.000000     5      0.000000
9      2025      50.964722     1.283193     0.000000     4      1.006117
10      2025      49.165665     2.574780     0.000000     3      1.947550
11      2025      37.552235     6.305029     4.589583     2      3.642583
