-0.727270
3.331269
11.878179
16.590374
20.562464
23.819622
23.607941
19.537231
23.570498
17.996868
12.281345
10.081452
9.199801
3.650712
14.115164
23.801617
26.169857
30.730947
26.062237
28.377287
23.750999
7.957564
6.885908
4.834063
-0.617398
9.255333
13.826672
16.029774
22.767244
30.305592
24.190819
22.394024
20.823711
12.758000
4.784641
7.969386
7.648816
9.287754
11.466548
21.460526
18.678564
26.661581
23.577927
25.669619
22.369495
8.599266
9.536480
7.206222
4.666602
9.523919
17.029966
17.871704
18.797985
29.654440
25.828518
18.917944
18.123474
17.600695
4.041256
2.165608
0.713090
2.888292
16.669744
15.138723
24.693705
28.529938
24.639181
27.826622
23.479296
12.357146
3.880906
4.197326
